0.0
0.0
0.0
0.0
0.0
20.97152
29.360128
23.4881024
14.09286144
7.04643072
3.1004295168
1.2401718067
0.4606352425
0.1612223349
0.0537407782
0.0171970491
0.0053154516
0.0015946354
0.0004661242
0.0001331783
3.72899e-05
1.02548e-05
2.7748e-06
7.399e-07
1.948e-07
5.06e-08
1.3e-08
3.4e-09
8e-10
2e-10
0.0
0.0
0.0
0.0
0.0
0.0
0.0
0.0
0.0
0.0
0.0
0.0
0.0
0.0
0.0
0.0
0.0
0.0
0.0
0.0
0.0
0.0
0.0
0.0
0.0
0.0
0.0
0.0
0.0
0.0
0.0
0.0
0.0
0.0
0.0
0.0
0.0
0.0
0.0
0.0
0.0
0.0
0.0
0.0
0.0
0.0
0.0
0.0
0.0
0.0
0.0
0.0
0.0
0.0
0.0
0.0
0.0
0.0
0.0
0.0
0.0
0.0
0.0
0.0
0.0
0.0
0.0
0.0
0.0
0.0
